0101100010110100100001100101100001010000000101010110001110000100001101011000000001101100100100010011
0101100010110100100001110100100001010000000001011110001110000100001101011000000001100100100110010010
0101100010110100000001100101100001010010000000011000101110000110001100011000000001101100100100010010
0101100010110100100001110101100001010000000000011110001110000100001101011000000001101100100100010011
0101100010110100101000100101100001010000000100011100001110000100001101011000000001100100100100010011
0101100010110100100001110101100001010000000100011100001110000100001100011000000001101100100100010011
0101100010110100101000110100100001010010000000001110001110000100001101011000000001101100100100010010
0101100010111100100000110101100001010000001000011110001110100100001100011001000001100100100110010011
0101100010110100100001101101100001010000000101011110001110000100001101011000000001101100100100010010
0101100010110100100001110101100001010010000100011110001110000110001101011000000001100100100100010011
0101100010110101001001110101100001010000000100011110001110000100001101011000000001101100100110010010
0101100010110100100001110101100001010010000100010110111110000110001101011000010001101101100100010011
0101100010110101101001100101100001010010000000011110101110000100001101011000000001100100100100010010
0101100010111100000001110101100001000010000100011100101110000100001101011000000001101100100100010011
0101100010110100100001100101100001000000000100011100001110000110001101011000000001100100100100010011
0101100010110100101001110101100001010010000100011110001110000100001101011000000001101100100100010011
0101101010110100101001110100100001010000000100001110001110000100001100111000000001101100100110010010
0101100010110101101000101101100001010000001100001110001110000100001101011000000001101100100100010011
0101100010110101101001110100100001010010000100011000001110000100001101011000000001100100100100010011
0101100010110100100001110101100001010000000100011110001110000100001100011000000001101100100110010011
0101100010110100000001100101100001010010000000011110001110000110001101011000000001100100100100010010
0101100010110100101001111101100001000000000100011110101110000100001101011000000001101100100100010011
0101100010110100000001111101100001010000000100010110001110000100001100011000000001100100100100010011
0101100010110100101001101101100001010000000100011110001110000100001101011000000001100100100100010011
0101100010110100101001100101100001010010000100010110001110000110001101011000000001100100100100110010
0101101010110100001001100101100001010010000000011110101110000100001101011000000001100100100100010011
0101100010110101001001100101100001010000000000011100001110000100001110011000000001101100100100010011
0101100010111101001001100101100001010000000000001110001110100100001101011000000001100100100100010010
0101100010110100000001100101100001010000000100011110001110000101001100011000000001101100100100010010
0101100010110100100001101101100001010000000100011110101110000100001100011000000001101000100100010011
0101100010110100100001100101100001010000000000001110001110000100000101011000000001101100100100010011
0101100010110101101001100101100001010000000100011110011110000100001101011000000001101100100100010010
0101100010110101100001110101100001010010000100001110001110000100001101011000000001100100100100010011
0101100010110100001001110100100001010000000000011110001110010100001101011000000001101100100110110010
0101101010110100101001110101100001010010000101011110001110000100001101011000000001101100100100110010
0101100010110100000001111101100001010000000100101110001110000100001101011000000001100100100100110011
0101100010110100100001100101100001010000000100011110001110000110001101011000000001101100100100010011
0101100010110100101001110100100001010010000100011110001110000100001101011000000001100100100110010011
0101100010110100101001101101100001010010000100011110101110000100001100011000000001101100100100010011
0101100010111100001001100101100001010010000100001110001110000100001101011000000001101100100100110010
0101101010110100101001110100100001010010000000011110001110000100001101011000000001101000100100010010
0101100010110100000000101101100001010000000001011110001110000100001101011000000001101100100100110011
0101100010110100001001101101100001010000000000011110001110000100001100011001000001101100100100010011
0101100010110101000001111100100001010000000101011111101110000100001100011000000001101100100100010010
0101000010110100100001100101100001010010000100011110001110000111001101011000000001101100100100010011
0101100010110100100001110101100001010010000100001110001110000100001101011000000001101100100100010011
0101100010110100000001110101100001010010001100011110001110000100001111011000000001101000100110010010
0101100010110100101001100101100001010000000000011110001110000100001101011000010001101100100100010011
0101100010110100100001100101100001010000000100001110001110000110001101011000000001100100100100010010
0101100010111100000001100100100001010000000000011110001110000100001100011000000001101100100100010010
0101100010110100100001110101100001010000000100011110001110000100001101011000000001101100100110010010
0101100010110100100001110101100001010000000000011110001110000101001101011000000001101100100100010011
0101100010110100100001100101100001010000000100011110101110000100001101011000000001100100100100010011
0101100010110100001001100100100001010000000100011010001110000100001101011000000001101100100110010011
0101100010110100101001101101100001010010000100001110001110000100001101011000000001101100100100010011
0101100010111100100001100100100001010000000000011110001110000100001101011000000001101100100100010011
0101100010111100101001100101100001010010000100010110101110010100001101011000000001101100100100010010
0101100010110100101001110100100001010010000000011110001110000100001101011000000001101100100100010010
0101100010110100001001100101100001010000000000011110101110000100001101011000000001100100100100010011
0101001010110100000001100101100001000000000100011110001110000101000101011000000001101100100100010011
0101100010110100100001101101100001010010000100011110011110000100001101011000000001101100100110010011
0101100010110100000001100101100001010010000100010110001110000100001101011000010001100100100100010011
0101100010110101100001100100100001010000000000011110001110000100001101011000000001101100100100110010
0101100010110100100001110100100001010010000100011110001110000100001101011000000001100100100100110011
0101100010110100100001111101100001010010000101011110001110100100001101011000000001101100100110010011
0101100010110100100001100101100001010010000101011110001110000100001101011000000001101100100100010010
0101100010110100000001100101100001010000000100011110001110010100001101011000000001100100100100010010
0101100010110100000001100100100001010000001100010110101110000100001101011000000001101100100100010010
0101100010110100000001110101100001010000000101011110001110010100001101011000000001101100100110110011
0101100010110100100001100101100001010000000100011110001110000100001101011000000001101100100100010010
0101100010110100100001110101100001010000000101010110101110000100001101011000000001101100100100010011
0101100010110100101001100101100001010000000100011100001110000100001101011000000001100100100100010011
0101100010110100100001110101100001010000000101011110001110000100001101011000000001101100100100010010
0101100010110100101001101100100001010000000100001010001110000100001101011000000001100100100100010010
0101100010110100101001100100100001010000000000011110001110000100001101011000000001101100100100010011
0101100010110100100000110101100001010010000000011110001110000100001101011000000001100100100100010011
0101100010110100100001111101100001010000000101001110101110000100001101011000000001101100100110010011
0101100010110100100001110101100001010010000100011110101110000100001101011000000001100100100110010010
0101100010110101100001100101100001010010000101011110111110000100001101011000000001100101100100110011
0101100010110101101001100101100001010000000100011110001110000100001101011000000001101100100100010010
0101100010110100100001100100100001010000001000011110101110000100001101011000000001100100100100010010
0101100010110100101001100101100001010000000000011100001110000100001101011000000001100100100100010010
0101100010110100100001101101100001010000000100010110001110000110001100011000000001100101100100010011
0101100010110100101001110101100001010000000000011110011110000100001101011000000001100101100100110010
0101100010110100100001100101100001010000000100011110001110000100000100011000000001101100100100110010
0101100010110100000001110101100001000010000100001110001110000100001101011000000001101100100100010011
0101100010110100001001100101100001010000000100001110011110000100001101011000000001101100100100010010
0101100010110100100001100101100001010000000001001110001110000100001101011000000001100100100100110011
0101100010110100000001100101100001010010000100001100001110000100001101011000000001100100100100010011
0101100010110100101001100100100001010000000000011110001110000101001101011000000001100100100100010011
0101100010110100000001100101100001010000000000010110001110000100001100011000000001101100100100010010
0101100010110100000001110101100001010000000000001110001110000100001100011000000001101100100110110010
0101100010110100100001100101100001010000000100011110001110000101001101011000010001101100100100010011
0101100010110100100001100100100001010010000000011110001110000100001101011000000001100100100100010010
0101100010110100000001100100100001010010000100011110001110000100001101011000000001100100100100110010
0101100010110100100001100101100001010000000100011110001110000100001101011000000001101100100100010010
0101100010110101100001100101100001010010000000001110011110000110001101011000000001101100100100010011
0101101010110100000001100101100001010000000000011110001110000100001101011000000001100100100100010010
0101100010110100000001100101100001010010000100011100001110000110001101011000000001101100100110010010
0101100010110100100001100101100001010010000101011110001110100110001101011000000001100100100100010011
